1 115;267;118;193;174 30 30 Ork Hunter 92 42013 1
2 10;10;18;12;15 0 1 Human Mage 4 307 2
3 32;24;19;30;19 0 7 Elf Warrior 43 1525 3
4 15;15;26;17;23 0 5 Human Mage 69 2322 4
5 10;13;19;12;16 0 2 Elf Mage 8 115 5
6 15;15;11;14;10 0 1 Undead Warrior 4 235 6
7 20;15;12;18;12 0 3 Human Warrior 20 694 7
8 8;12;18;11;16 0 1 Goblin Mage 0 0 8
9 67;147;69;101;101 0 21 Goblin Hunter 1431 8740 9
10 8;12;18;11;16 0 1 Goblin Mage 0 0 10
11 9;19;12;13;12 0 1 Undead Hunter 0 0 11
12 18;13;9;15;10 0 1 Ork Warrior 0 0 12
13 9;19;12;13;12 0 1 Undead Hunter 0 0 13
14 11;17;11;14;12 0 1 Human Hunter 0 0 14
15 17;11;9;17;11 0 1 Dwarf Warrior 4 299 15
16 8;12;19;11;15 0 1 Undead Mage 8 485 16
17 15;15;10;14;11 0 1 Goblin Warrior 4 241 17
18 12;17;10;14;12 0 1 Ork Hunter 0 0 18
19 8;12;18;11;16 0 1 Goblin Mage 4 236 19
20 8;12;18;11;16 0 1 Goblin Mage 0 0 20
21 8;12;19;11;15 0 1 Undead Mage 0 0 21
22 17;21;34;20;32 0 7 Goblin Mage 15 511 22
23 17;21;35;20;31 0 7 Undead Mage 76 1092 23
24 12;11;18;13;16 0 2 Ork Mage 8 96 24
25 12;11;18;13;16 0 2 Ork Mage 8 56 25
26 29;56;30;38;37 0 11 Elf Hunter 149 8317 26
27 13;18;11;15;13 0 2 Ork Hunter 8 154 27
28 11;10;17;12;15 0 1 Ork Mage 4 236 28
